102 86 70 62 54 46 30 14 87 63 55 31 23 7
102 79 55 126 118 38 31 63 23 71 87 46 86 22
100 68 101 85 77 69 37 13
116 77 61 53 108 29 21 100 68 36
122 90 58 26 115 107 99 91 75 67 59 43 35 27
122 11 3 19 114 42 34
112 72 64 56 48 40 32 121 113 105 65 57 49 41 33 17
17 65 97 24 8 33 105 81 73 96 48
94 78 62 54 46 38 22 6 126 79 55 47 23 15
94 71 14 47 118 110 15 79 38 30 63 55 23 78
92 60 93 77 69 61 29 5
108 69 53 45 100 21 13 92 60 28
114 82 50 18 107 99 91 83 67 59 51 35 27 19
114 122 3 11 106 34 26
104 64 56 48 40 32 24 113 105 97 57 49 41 33 25 9
9 65 89 16 0 25 97 73 57 88 40
102 62 87 63 55 31 23 38 118 71 47 39 15
102 63 30 6 39 7 71 110 86 22 55 47 15 70
84 52 124 85 69 61 53 21
61 45 92 5 100 37 13 84 52 20
106 74 42 10 99 91 83 75 59 51 43 27 19 11
106 122 114 3 98 26 18
96 56 48 40 32 24 16 105 97 89 49 41 33 25 17 1
112 41 1 81 121 33 8 72 113 89 105 80 64 56 48 40
94 54 79 55 47 23 15 30 110 63 39 31 7
94 23 22 87 126 78 30 86 70 54 46 47 39
76 44 116 77 61 53 45 13
53 37 124 84 92 29 5 76 44 12
98 66 34 2 91 83 75 67 51 43 35 19 11 3
98 114 106 122 90 18 10
88 48 40 32 24 16 8 120 97 89 81 41 33 25 17 9
104 120 73 32 25 0 40 81 97 72 64 56 48 113 105 33
86 46 7 71 47 39 15 22 126 102 55 31 23
15 79 118 31 62 46 22 86 70 14 78 38 39
68 36 108 69 53 45 37 5
45 29 116 76 84 124 21 68 36 4
115 107 99 91 83 11 3
114 106 98 90 82 10 2
80 40 32 24 16 8 0 112 89 81 73 33 25 17 9 1
96 24 121 73 89 113 97 57 49 41 33 25 72
78 38 126 63 39 31 7 14 118 94 47 23 15
31 71 110 70 62 38 30 78 54 6 7 23 14
60 28 124 100 61 45 37 29
21 77 108 100 101 85 69 76 116 60 28
107 99 91 83 122 75 3
106 26 107 99 91 67 59 98 35 27 58 122 115 75 43 82 74 2
112 64 56 48 40 121 113 105 57 49 41 33 24 16 8 0 120 104 81 73 25 9 1
17 88 49 33 64 105 16 41 81 113 65 89 25
70 30 118 126 55 31 23 6 110 86 39 15 7
55 14 86 22 7 87 126 31 15 6
52 20 116 92 53 37 29 21
100 69 13 92 93 77 61 68 108 52 20
99 91 83 75 122 114 67
98 26 18 83 75 51 43 19 58 50 122 115 114 74 66
72 121 104 97 25 64 16 8 0 120 96 73 57 1
17 9 8 57 80 97 25 105 73 81 41 33 56
86 70 87 22 54 55 110 63 118 47 15 46 30 14 126 78
102 47 54 55 31 63 126 46 6 78 70 30 62 87 79 118 86
44 12 108 84 45 29 21 13
92 61 5 84 85 69 53 60 100 44 12
91 83 75 67 114 106 59
90 18 10 75 67 43 35 11 50 42 114 107 106 66 58
72 121 96 48 40 32 105 89 41 33 8 0 120 88 57
9 1 48 0 33 97 89 72 65 49 73 25 17
14 78 79 62 46 47 102 55 110 39 7 38 22 6 118 70
94 39 102 47 118 22 87 38 30 79 71 31 7 86 110 63 14 78
36 4 100 76 37 21 13 5
84 53 124 76 77 61 45 52 92 36 4
75 67 59 83 106 98 51
3 42 34 82 10 2 67 59 35 27 58 106 98 99 50
72 121 65 56 105 88 24 97 81 25 17 48 0 80 57 41
1 120 48 49 121 112 25 105 32 89 81 72 113 33 9 56
6 71 38 39 7 94 23 87 55 63 47 46 126 110 86
102 79 55 70 94 63 23 39 110 22 71 30 126 31 86 78 6 14
100 101 85 77 69 37 28 124 92 29 5
116 76 45 13 100 101 85 77 53 44 84 28
67 59 51 75 98 90 43
34 107 99 115 74 2 51 19 43 58 50 98 67 35 75 42
121 65 56 105 97 80 32 16 89 73 9 112 41
17 112 120 40 97 24 73 41 113 81 104 105 25 64 1 48
87 126 23 15 14 79 62 46 47 39 38 118 78 70 54 7
54 94 71 47 15 46 22 118 30 78 7 87 6
92 93 77 69 61 29 20 124 116 84 21
108 69 77 5 68 92 93 45 36 76 37 20
59 51 43 67 90 82 35
75 115 66 11 58 50 42 122 34
72 65 97 89 48 113 57 24 8 81 1 104 33
9 112 104 32 33 65 89 105 16 73 96 97 17 56 120 40
79 31 54 118 15 30 6 71 38 39 7 110 126 70 62 46
38 54 23 39 31 30 102 55 110 22 87 126 79 62
84 85 69 61 53 21 12 116 108 76 13
61 100 69 124 68 60 84 85 37 28 29 12
51 43 35 59 82 74 27
67 107 58 3 50 42 34 114 26
89 40 105 49 81 64 16 0 120 73 57 96 25
112 1 104 32 96 24 25 81 97 8 88 48 89 9 65 57
71 55 110 22 87 126 14 70 118 86 38
23 102 14 54 15 22 94 47 79 31 118 30 71 46
76 77 61 53 45 13 4 108 100 68 5
53 92 61 116 60 52 76 77 29 20 21 4
43 35 27 51 74 66 19
122 59 99 50 26 42 34 106 18
113 81 97 73 121 40 105 33 8 57 88 72 64 48
104 120 96 24 88 16 17 73 89 0 80 40 49 81 1 57
102 14 63 47 79 118 6 62 110 78 30
7 15 46 94 6 63 23 39 71 110 22 14 86 38
101 85 77 13 53 45 5 124 92 60
77 53 108 100 45 84 101 52 44 37 85 21 12
35 27 19 43 66 58 11
114 91 51 42 26 18 34 98 10
113 49 73 32 89 65 105 97 25 0 80 64 56 40
96 88 16 8 80 17 48 9 56 113 33 81 121 64 73 40 120 105 57
94 31 63 30 6 23 62 39 7 71 110 87 14 86 46 22
126 70 38 87 54 23 15 46 6 62 78
93 77 69 5 124 45 37 116 84 52
45 13 92 77 76 93 44 36 69 37 29 4 100
27 19 11 35 58 50 3
106 83 43 34 26 18 10 90 2
113 49 40 33 24 81 121 97 89 112 64
88 8 80 0 72 9 40 1 48 25 105 73 113 56 65 97 32 112 49
22 87 15 7 126 46 79 6 78 70 62 38 30
118 102 55 79 63 23 14 86 15 38 31 87
124 85 69 61 116 37 29 108 76 44
5 84 77 36 28 100 61 29 21 101 13 92
19 11 3 27 122 50 42
98 43 27 58 115 18 10 2 107 99 122 91 67 90 59 82
25 105 32 16 73 41 89 113 81 104 56
80 0 49 121 113 1 112 97 56 120 89 24 104 33
